2 46 14 39 38 45 
23 39 29 26 41 4 24 30 44 9 36 
27 29 11 40 12 2 32 
7 33 14 45 21 17 
49 14 12 42 46 15 2 32 23 8 44 18 4 41 35 34 36 40 
35 31 38 41 3 
17 1 28 48 12 10 40 30 33 32 14 19 15 26 37 35 13 38 36 
34 22 41 19 37 21 
39 33 
13 16 8 
28 36 29 42 10 24 31 
30 37 47 28 22 32 36 4 10 42 34 33 29 38 
11 28 29 17 38 6 35 24 34 16 19 
46 34 10 20 23 13 14 7 16 30 11 41 19 15 8 48 45 33 
22 47 45 21 23 24 11 31 42 18 35 6 
31 21 3 30 16 24 38 41 15 27 
42 40 21 16 8 31 48 2 15 11 30 28 35 6 
25 44 11 8 33 35 24 
5 13 35 28 33 6 22 31 42 18 24 
47 39 21 35 22 18 23 44 24 
8 17 9 21 6 31 22 29 42 39 18 4 47 28 
15 29 28 19 34 47 45 
40 41 13 4 8 23 29 
28 20 8 17 21 34 47 23 39 11 
17 45 10 3 36 42 23 22 1 18 40 48 21 8 
32 48 37 20 23 39 47 45 
41 34 17 6 
48 17 31 47 
15 19 4 3 16 21 13 37 23 31 28 47 34 
37 10 38 6 32 44 33 49 2 36 27 15 29 
27 21 20 3 28 25 43 42 2 40 5 14 29 31 
48 9 43 6 7 37 33 14 41 40 16 30 38 23 21 24 28 42 
25 41 3 42 17 19 13 15 16 32 47 4 34 
18 2 15 39 24 38 1 46 37 13 21 36 29 40 22 31 
38 11 14 4 
17 1 49 44 26 34 33 47 13 12 28 31 
42 
23 48 44 49 7 39 32 14 30 
27 30 41 43 35 40 
1 17 35 5 21 39 23 9 26 49 
7 5 43 9 
5 24 36 39 29 6 
